Type	[B]	r	U([B])	U(r)
SIMS	2.77098E+16	0.700660102	8.31E+15	1.00E-04
SIMS	3.01167E+16	1.184163849	9.04E+15	1.00E-04
SIMS	6.02576E+16	1.194990588	1.81E+16	1.00E-04
SIMS	7.03172E+16	2.264436623	2.11E+16	1.00E-04
SIMS	1.25409E+17	3.947020222	3.76E+16	1.00E-04
SIMS	2.39638E+17	7.800981839	7.19E+16	1.00E-04
SIMS	4.99836E+17	10.78887377	1.50E+17	1.00E-04
SIMS	8.01566E+17	13.63275617	2.40E+17	1.00E-04
SIMS	1.99217E+18	19.39345146	5.98E+17	1.00E-04
SIMS	3.97718E+18	18.25315636	1.19E+18	1.00E-04
SIMS	4.97276E+18	17.34437688	1.49E+18	1.00E-04
SIMS	4.98719E+16	2.135584794	1.50E+16	1.00E-04
SIMS	3.0167E+16	1.000248837	9.05E+15	1.00E-04
SIMS	2.61309E+16	0.917678725	7.84E+15	1.00E-04
SIMS	2.35678E+16	0.779715286	7.07E+15	1.00E-04
SIMS	2.01416E+16	0.565651606	6.04E+15	1.00E-04
SIMS	1.40653E+16	0.599281433	4.22E+15	1.00E-04
EBIC	1.90E+15	0.096	5.70E+14	1.00E-04
EBIC	3.70E+15	0.106	1.11E+15	1.00E-04
EBIC	3.40E+15	0.096	1.02E+15	1.00E-04
SIMS	9.91E+15	0.2177	5.18E+15	1.00E-04
